	names(gene_matrix2)
1	105243853
2	73824
3	19989
4	100534273
5	20353
6	78119
7	12747
8	227154
9	72750
10	320933
11	76709
12	69171
13	56812
14	245860
15	98733
16	19711
17	74241
18	319998
19	20536
20	66153
21	13599
22	53972
23	66385
24	51800
25	67026
26	18484
27	81879
28	226359
29	105246702
30	17164
31	213452
32	16980
33	70579
34	215690
35	67886
36	269132
37	14455
38	98376
39	271639
40	100039795
41	30941
42	140559
43	54418
44	94332
45	226751
46	107508
47	226830
48	226856
49	12484
50	19072
51	216011
52	30045
53	104248
54	333670
55	18483
56	216152
57	100503659
58	66043
59	23805
60	66932
61	73218
62	208666
63	106947
64	52551
65	73822
66	57267
67	103425
68	21665
69	102641476
70	103266
71	382423
72	69181
73	380664
74	80904
75	16404
76	71523
77	170835
78	103710
79	11764
80	56418
81	192950
82	12808
83	216551
84	68585
85	103806
86	21408
87	22210
88	15525
89	73158
90	108660
91	18618
92	19377
93	20787
94	22671
95	71923
96	13385
97	75273
98	103712
99	55984
100	12874
101	68550
102	12569
103	276952
104	327992
105	76626
106	94064
107	16400
108	18023
109	69131
110	19049
111	59045
112	66612
113	22123
114	23989
115	12799
116	69684
117	26949
118	68066
119	11488
120	12921
121	17762
122	207165
123	14813
124	320534
125	217310
126	71947
127	20698
128	19157
129	19039
130	76025
131	11302
132	192662
133	21681
134	19719
135	80879
136	75302
137	217410
138	19878
139	16777
140	11861
141	246196
142	238252
143	67217
144	17187
145	73422
146	320244
147	238328
148	68737
149	238330
150	12313
151	52690
152	13116
153	15519
154	12709
155	217882
156	104885
157	218100
158	218194
159	14057
160	56795
161	105239
162	107448
163	432763
164	15387
165	71508
166	14088
167	56541
168	212569
169	238722
170	66975
171	26401
172	105083
173	72465
174	545007
175	100038847
176	105245677
177	67725
178	77592
179	104416
180	24131
181	65107
182	239096
183	268749
184	71330
185	70478
186	219151
187	20410
188	67065
189	13829
190	219181
191	18530
192	14169
193	414066
194	68646
195	223453
196	22631
197	211401
198	223604
199	76510
200	107831
201	23934
202	109075
203	16581
204	223664
205	239554
206	207393
207	110253
208	223693
209	494448
210	105245994
211	20972
212	239555
213	223739
214	223775
215	140570
216	77980
217	100134861
218	60597
219	26874
220	19230
221	102632845
222	319722
223	22410
224	14555
225	11479
226	18521
227	29813
228	74120
229	12914
230	268860
231	70120
232	64136
233	94112
234	27801
235	12724
236	104156
237	74143
238	66849
239	100047123
240	207683
241	320007
242	76302
243	73379
244	105246157
245	67367
246	50914
247	54720
248	13548
249	22129
250	66616
251	380608
252	106489
253	213811
254	76498
255	75956
256	75614
257	50817
258	214951
259	21652
260	70101
261	240063
262	208292
263	14972
264	224705
265	55979
266	12915
267	22321
268	12305
269	14964
270	15040
271	54393
272	11571
273	224807
274	71461
275	18044
276	12445
277	211468
278	271457
279	19280
280	224912
281	224938
282	622645
283	57440
284	72416
285	18754
286	210741
287	225187
288	26405
289	73516
290	12936
291	93708
292	20496
293	240332
294	104082
295	74322
296	17196
297	329003
298	54445
299	66387
300	18739
301	19367
302	18563
303	20743
304	66704
305	381199
306	16594
307	545276
308	225849
309	22668
310	18190
311	26379
312	26403
313	74126
314	68505
315	56473
316	225912
317	98170
318	208518
319	225995
320	83410
321	102635432
322	72672
323	319594
324	226154
325	94280
326	18742
327	226178
328	226180
329	58178
330	170750
331	13006
332	100503572
333	53611
334	226251
335	209361
336	74455
337	100034739
338	67122
339	56876
340	227619
341	11305
342	20930
343	56086
344	74270
345	227721
346	227731
347	50935
348	100504399
349	227743
350	68365
351	74194
352	16574
353	227937
354	100038743
355	53416
356	53375
357	83435
358	18012
359	69082
360	269295
361	67136
362	77038
363	12953
364	80985
365	53872
366	228564
367	105244282
368	69470
369	77721
370	228598
371	69596
372	104348
373	12995
374	207182
375	68728
376	56407
377	108687
378	228829
379	74846
380	20779
381	70470
382	102637642
383	78928
384	76233
385	228866
386	57138
387	104010
388	140579
389	17979
390	56336
391	69372
392	17201
393	241846
394	66730
395	228998
396	13628
397	16536
398	269401
399	74252
400	67576
401	67414
402	654424
403	50911
404	329628
405	269423
406	329650
407	320463
408	28030
409	213582
410	12032
411	16800
412	72296
413	15168
414	68603
415	26568
416	78784
417	53970
418	226548
419	16490
420	109674
421	66921
422	66500
423	14066
424	18033
425	12042
426	72656
427	272009
428	30046
429	67615
430	71901
431	12804
432	269523
433	100213
434	21894
435	72429
436	19266
437	76376
438	16476
439	100039252
440	108079
441	329908
442	72475
443	230654
444	76608
445	230673
446	20441
447	68310
448	26562
449	16650
450	19244
451	230777
452	71904
453	26394
454	99982
455	13842
456	110351
457	68943
458	74772
459	21941
460	71707
461	100198
462	242773
463	242785
464	16498
465	230959
466	59002
467	320587
468	236082
469	74114
470	242864
471	100042049
472	16511
473	74610
474	66587
475	100910
476	55982
477	78890
478	231148
479	381634
480	59056
481	17089
482	80334
483	54216
484	53886
485	102638846
486	18764
487	666892
488	231580
489	110524
490	107999
491	75560
492	231637
493	68666
494	52064
495	19988
496	56378
497	208908
498	56325
499	20778
500	100561
501	20907
502	27368
503	215114
504	22628
505	105244799
506	381677
507	11769
508	69871
509	80752
510	22255
511	68510
512	16848
513	231863
514	14086
515	19353
516	231887
517	100710
518	76311
519	17295
520	319832
521	14489
522	13848
523	22793
524	58887
525	243373
526	78108
527	56284
528	66979
529	16950
530	20166
531	69786
532	17119
533	319655
534	107747
535	16206
536	232288
537	17342
538	72895
539	210673
540	171508
541	243621
542	232370
543	16768
544	14788
545	110109
546	381813
547	74525
548	232449
549	67456
550	232798
551	269870
552	20514
553	243853
554	12315
555	72205
556	19294
557	260299
558	330485
559	269878
560	16890
561	112406
562	11652
563	71984
564	233058
565	243910
566	52857
567	233107
568	68947
569	12611
570	20981
571	272381
572	11771
573	76787
574	20637
575	12348
576	13170
577	19259
578	84704
579	244058
580	74737
581	75985
582	12337
583	233545
584	27050
585	319604
586	269966
587	11785
588	68815
589	267019
590	71151
591	233863
592	73658
593	20399
594	233870
595	233871
596	69017
597	233895
598	320683
599	100043597
600	21843
601	360216
602	212124
603	54399
604	101489
605	68267
606	320802
607	56844
608	102641860
609	104271
610	244431
611	105244975
612	80857
613	71069
614	105243189
615	110877
616	211135
617	76813
618	234373
619	93898
620	67937
621	64296
622	69550
623	74015
624	20467
625	78651
626	234479
627	234515
628	16477
629	20312
630	17388
631	74187
632	16582
633	234595
634	234593
635	382051
636	277973
637	13018
638	20650
639	64340
640	12554
641	56453
642	72042
643	57340
644	12398
645	77087
646	57247
647	73420
648	330863
649	270110
650	102637311
651	14608
652	244713
653	102640025
654	235044
655	66948
656	192663
657	12282
658	235339
659	73699
660	244879
661	56807
662	71742
663	20361
664	76524
665	56469
666	26395
667	17999
668	11891
669	21983
670	109785
671	56403
672	211949
673	64655
674	50797
675	23873
676	27399
677	83669
678	12530
679	235623
680	235626
681	67213
682	54214
683	17433
684	209737
685	102436
686	16506
687	68041
688	23890
689	319200
690	18555
691	13712
692	30878
693	631990
694	18194
695	11666
696	245537
697	279653
698	215693
699	320606
700	110639
701	170942
