	names(gene_matrix3)
1	105243853
2	19989
3	67503
4	100534273
5	20353
6	73884
7	93691
8	17756
9	76709
10	69171
11	56812
12	245860
13	19711
14	74241
15	319998
16	20536
17	13838
18	16367
19	13599
20	53972
21	14733
22	100037260
23	51800
24	67026
25	226359
26	67812
27	17164
28	13714
29	16980
30	13007
31	215690
32	269132
33	100039795
34	30941
35	140559
36	226751
37	107508
38	226856
39	19272
40	19072
41	338359
42	13654
43	104248
44	333670
45	64451
46	216134
47	18483
48	216152
49	100503659
50	23805
51	66932
52	73218
53	208666
54	106947
55	52551
56	16969
57	73822
58	103425
59	21665
60	103266
61	237459
62	382423
63	80904
64	16404
65	170835
66	103710
67	11764
68	21379
69	68585
70	22210
71	216760
72	73158
73	108660
74	19377
75	20787
76	22671
77	22187
78	71923
79	75273
80	50932
81	432582
82	22627
83	18230
84	14252
85	195040
86	12569
87	276952
88	18121
89	76626
90	94064
91	217119
92	217124
93	18023
94	102632994
95	16211
96	69131
97	19049
98	59045
99	66612
100	23989
101	70110
102	26949
103	68066
104	102637702
105	11488
106	353047
107	207165
108	14813
109	320534
110	74136
111	19157
112	76025
113	11302
114	192662
115	21681
116	19719
117	80879
118	104318
119	75302
120	104721
121	20666
122	79221
123	11861
124	627191
125	73422
126	320244
127	238328
128	68737
129	238330
130	71375
131	12313
132	73046
133	13116
134	13386
135	15519
136	449562
137	104885
138	69195
139	56044
140	66707
141	218100
142	56795
143	105239
144	102633503
145	107448
146	432763
147	102633572
148	70153
149	71508
150	78038
151	238871
152	73274
153	105083
154	72465
155	218832
156	77592
157	64652
158	104416
159	65107
160	239096
161	268749
162	71330
163	70478
164	68177
165	219151
166	105513
167	20410
168	105653
169	13829
170	67302
171	219181
172	18530
173	52023
174	14169
175	71175
176	22631
177	76740
178	223604
179	107831
180	109075
181	16581
182	73062
183	223664
184	106039
185	110253
186	223693
187	494448
188	52609
189	20972
190	223739
191	223775
192	406218
193	77980
194	60597
195	11883
196	19230
197	102632845
198	319722
199	66120
200	14555
201	11479
202	21357
203	26404
204	29813
205	12914
206	66626
207	74022
208	268860
209	106298
210	70120
211	77626
212	94112
213	13358
214	27801
215	328643
216	107522
217	12724
218	78408
219	20440
220	100047123
221	13383
222	239833
223	106326
224	268903
225	105246157
226	50914
227	22129
228	320586
229	240025
230	19170
231	76498
232	75956
233	268932
234	50817
235	214951
236	21652
237	19015
238	12575
239	208292
240	224705
241	19763
242	55979
243	12915
244	22321
245	193742
246	12305
247	52040
248	224805
249	15516
250	224813
251	106763
252	78309
253	224826
254	18044
255	12445
256	19280
257	622645
258	66310
259	72692
260	210741
261	12314
262	108013
263	30948
264	15200
265	225372
266	225392
267	319262
268	12936
269	93708
270	76217
271	240332
272	102632394
273	74322
274	100502841
275	66387
276	18739
277	19367
278	18563
279	20743
280	381199
281	16594
282	225849
283	22668
284	18190
285	26379
286	107227
287	70999
288	654802
289	74126
290	68505
291	56473
292	14704
293	269060
294	13194
295	98170
296	208518
297	83410
298	75735
299	102635432
300	319594
301	226154
302	18742
303	56350
304	226178
305	226180
306	18572
307	13006
308	107368
309	208618
310	67122
311	56876
312	227619
313	100272219
314	14810
315	67991
316	67839
317	20930
318	56086
319	13804
320	110854
321	74270
322	320267
323	227721
324	227731
325	100504399
326	68365
327	16574
328	227937
329	53416
330	53375
331	22138
332	269295
333	12672
334	12953
335	20511
336	228545
337	228564
338	77721
339	228598
340	319196
341	18088
342	104348
343	16569
344	207182
345	68728
346	56407
347	228829
348	20779
349	102637642
350	22348
351	21969
352	71389
353	57138
354	140579
355	56336
356	69372
357	66730
358	99296
359	52856
360	228998
361	66496
362	229007
363	72699
364	80892
365	20257
366	74718
367	102636884
368	654424
369	69257
370	329650
371	320463
372	213582
373	12032
374	72296
375	192195
376	15168
377	68911
378	56417
379	26568
380	78784
381	53970
382	84505
383	66292
384	226548
385	229613
386	99543
387	15257
388	16490
389	14862
390	109674
391	72522
392	66921
393	66350
394	18033
395	18992
396	272009
397	30046
398	71901
399	12804
400	60534
401	56703
402	21894
403	72429
404	16476
405	73094
406	72475
407	230654
408	76608
409	14664
410	26562
411	100383
412	19244
413	67898
414	107581
415	230777
416	71904
417	26394
418	13842
419	110351
420	68943
421	74772
422	214063
423	242773
424	269608
425	16498
426	230959
427	59002
428	242800
429	76580
430	140499
431	236082
432	14362
433	100986
434	242864
435	20817
436	16511
437	74610
438	20535
439	66587
440	100910
441	64339
442	78890
443	231148
444	80334
445	54216
446	20005
447	333789
448	102638846
449	231580
450	110524
451	107999
452	75560
453	68666
454	117146
455	71990
456	19988
457	56325
458	20778
459	76571
460	22628
461	105244799
462	381677
463	11769
464	69871
465	68510
466	16848
467	231841
468	74781
469	243328
470	14086
471	55950
472	231887
473	13426
474	17295
475	319832
476	11844
477	14489
478	13848
479	22793
480	58887
481	243373
482	75593
483	56284
484	20166
485	319655
486	17342
487	210673
488	171508
489	243616
490	243621
491	232370
492	21991
493	16768
494	14788
495	110109
496	12527
497	381813
498	54343
499	67529
500	67456
501	320560
502	81904
503	232798
504	381979
505	67109
506	67230
507	243853
508	12315
509	72205
510	53609
511	53333
512	19294
513	54678
514	260299
515	330485
516	269878
517	654804
518	112406
519	11652
520	243910
521	52857
522	68947
523	12611
524	20981
525	11771
526	20637
527	12348
528	19259
529	319752
530	244058
531	233545
532	27050
533	319604
534	269966
535	11785
536	77505
537	68815
538	233765
539	233863
540	20399
541	233870
542	233871
543	66090
544	69017
545	233895
546	320683
547	360216
548	101489
549	23997
550	68267
551	101513
552	320802
553	56844
554	79201
555	244431
556	105244975
557	71069
558	320383
559	110877
560	74549
561	76813
562	234373
563	93898
564	382056
565	67937
566	18709
567	64296
568	16453
569	74015
570	17274
571	20467
572	234479
573	234515
574	67903
575	16477
576	20312
577	17388
578	74187
579	16582
580	234595
581	234593
582	277973
583	11906
584	12554
585	18117
586	142682
587	57340
588	100689703
589	77087
590	72325
591	57247
592	330863
593	112405
594	30843
595	235044
596	15481
597	192663
598	12282
599	214162
600	235339
601	110446
602	56807
603	71742
604	76524
605	76886
606	17999
607	11891
608	20842
609	81000
610	74840
611	27399
612	83669
613	80987
614	235623
615	235626
616	74498
617	56295
618	209737
619	102436
620	16506
621	68041
622	18555
623	13712
624	30878
625	631990
626	20102
627	70315
628	237213
629	110639
630	170942
