	FT01DA	FT02DA	FT04DA	MN01DA	MN02DA	MN03DA	CRV01DA	CRV02DA	CRV03DA	CRV04DA
Gm28836|Gm28836	0	0	0	0	0	189.916757418286	0	38.6902664795399	17.0991746887291	0
Vwa3b|Vwa3b	0	0	0	79.4060446354512	121.163225532811	24.4027118470423	368.505989240181	33.1630855538913	0	54.3465903773603
4930439A04Rik|4930439A04Rik	0	0	8.43901696341522	392.466657393609	502.698488912725	719.349505751943	166.019625360811	210.822472449738	313.225790888993	84.0834039800668
LOC108167622|LOC108167622	0	0	0	284.766504899549	0	0	10.5561611501093	84.4869084349136	124.357634099848	51.2703682805286
Pard3bos2|Pard3bos2	0	123.989916247246	42.1950848170761	0	0	315.113279068329	0	0	0	0
Col4a3|Col4a3	0	0	0	0	0	216.441444208549	0	7.10637547583386	47.4113480005671	28.711406237096
Dnajb3|Dnajb3	0	0	0	206.273173420827	108.273520688895	0	130.512537855897	66.3261711077827	123.580398886724	68.7022934959083
Asb18|Asb18	0	0	0	0	0	82.7570227856217	0	30.7942937286134	7.77235213124051	7.177851559274
Gm41920|Gm41920	0	0	0	382.426812669587	0	339.515990915371	0	0	191.977097641641	0
LOC105246710|LOC105246710	0	0	0	53.8500762470301	76.0492585791046	0	283.09704902566	0	0	0
LOC108167732|LOC108167732	0	0	0	0	0	159.14812074158	289.814606121184	78.1701302341724	0	70.7531082271294
Fam129a|Fam129a	0	0	0	0	51.5588193756641	0	12.475463177402	183.976165096588	56.7381705580557	277.885396080465
Fmo1|Fmo1	0	0	0	0	174.011015392866	0	118.037074678495	172.132205970198	27.9804676724658	20.5081473122114
Gorab|Gorab	99.160421598689	148.276600872995	152.839973892965	1657.48709262045	621.283773476753	340.576978386982	900.152650800233	914.35364455729	886.825378174543	947.476405824168
Dnah14|Dnah14	0	0	0	0	130.186018923552	0	92.1264973100452	0	16.3219394756051	177.395474250629
Atf3|Atf3	1160.40401763962	522.802842733233	664.807003006821	990.293775051316	172.722044908475	377.71153989335	79.6510341326432	223.45602885122	44.3024071480709	99.4645144642254
B230208H11Rik|B230208H11Rik	0	0	0	0	0	111.403684519106	190.010900701968	51.3238228810223	106.481224197995	23.5843694090431
LOC108167797|LOC108167797	0	0	0	158.812089270902	69.6044061571466	96.5498599165587	104.601960487447	0	111.921870689863	284.037840274128
Fam26f|Fam26f	0	0	0	0	219.124982346572	0	96.9247523782767	34.7422801040766	55.1837001318076	51.2703682805286
Mical1|Mical1	0	0	0	0	0	0	0	176.869789620754	501.316712465013	416.315390437892
LOC108167812|LOC108167812	0	0	0	0	257.794096878321	0	110.359866569325	52.113420156115	0	64.600664033466
Upb1|Upb1	0	0	0	0	0	111.403684519106	63.3369669006561	67.1157683828753	19.4308803281013	50.244960914918
Eid3|Eid3	0	0	0	0	360.911735629649	0	33.5877854776206	0	0.777235213124051	104.591551292278
Gm5174|Gm5174	0	0	0	26.4686815451504	568.435983616697	338.455003443761	98.8440544055693	56.0614065315782	170.991746887291	340.43524538271
Gm32898|Gm32898	0	0	0	337.70386798985	0	0	0	578.774802642913	0	256.351841402643
5730420D15Rik|5730420D15Rik	0	0	0	0	128.89704843916	49.8664111656951	48.9422016959615	67.905365657968	64.5105226892963	75.8801450551823
Nab2|Nab2	0	0	0	0	0	0	336.837505789853	0	359.859903676436	57.422812474192
Itga7|Itga7	183.938797316652	334.900598523489	226.91578946072	0	0	0	810.905106531127	767.488551390057	881.384731682674	608.066567807069
Pkd1l1|Pkd1l1	0	0	0	0	175.299985877258	0	95.9651013646304	0	74.6145804599089	42.0417019900334
Hba-a1|Hba-a1	16568.8738043794	8276.64647114348	5783.5396255939	4050.62098956474	7961.97068208693	4970.72630449536	3487.37178359067	3162.33708674607	4210.28314949299	2944.96995403356
Hba-a2|Hba-a2	7960.84086987338	6396.34578248679	2969.59630257067	2207.85312612823	4691.85256318543	2674.74941593016	2117.94978711739	1928.19654577625	2145.94642343551	1630.39771132081
Maml1|Maml1	0	0	19.6910395813022	945.570830371579	386.691145317481	81.6960353140112	429.923654113544	173.711400520383	132.129986231089	164.065178497691
Zfp354a|Zfp354a	421.621029240227	122.711669687996	227.853458012211	1552.52507959658	1054.37785623233	696.007781376511	1697.62264314031	529.030174312076	938.900137453854	1282.78461437882
Pemt|Pemt	14.3820458807259	51.1298623699983	26.2547194417362	242.78169969	88.9389634230206	384.077464723014	242.791706452515	161.077844118901	130.575515804841	179.44628898185
F930015N05Rik|F930015N05Rik	0	0	0	0	0	0	61.4176648733635	94.7516730111181	69.1739339680406	333.257393823436
Nxn|Nxn	455.683769484052	430.769090467236	405.072814243931	472.78541518579	469.185256318543	524.127810975604	112.279168596618	82.1181166096357	157.001513051058	90.2358481737303
Gm29979|Gm29979	0	0	0	86.7077498892857	0	0	30.7088324366817	0	22.5398211805975	0
Mmp28|Mmp28	0	0	0	131.430694569023	0	0	0	123.966772189546	20.9853507543494	0
Hnf1b|Hnf1b	0	0	0	174.328212935301	0	0	0	21.3191264275016	34.1983493774583	0
Gm525|Gm525	0	0	0	0	122.452196017202	164.453058099633	67.1755709552413	0	0	0
Rara|Rara	0	0	0	2.73813947018797	39.9580850161397	192.038732361507	21.1123223002187	489.550310557444	318.666437380861	180.471696347461
Zfp385c|Zfp385c	0	0	0	0	213.969100409006	0	0	153.181871367974	108.812929837367	0
Aoc2|Aoc2	0	0	0	220.876583928496	0	140.050346252591	141.068699006007	6.31677820074121	129.798280591717	552.694570064098
Brca1|Brca1	0	0	0	119.565423531541	0	0	72.9334770371191	58.4301983568562	86.2731086567697	0
Sphk1|Sphk1	58.2851333060997	89.4772591474971	122.834580245266	957.43610140906	184.322779267999	158.08713326997	713.020703139204	965.677467438312	493.544360333773	580.380568935583
Gen1|Gen1	0	0	0	0	81.205140516671	12.7318496593264	312.846230448695	82.9077138847283	2.33170563937215	60.4990345710237
Prps1l3|Prps1l3	2812.06844457351	2257.38342363543	1487.14232266406	2467.06366263936	701.199943509032	1972.37570972398	610.33804467905	960.150286512663	669.199518499808	688.048342324693
Gm20337|Gm20337	0	0	0	26.4686815451504	221.702923315356	116.708621877159	279.258444971075	232.141598877239	134.461691870461	7.177851559274
Gm38543|Gm38543	0	0	0	0	145.653664736251	0	37.4263895322059	0	69.1739339680406	6.15244419366343
Gm33682|Gm33682	0	0	0	31.032247328797	110.851461657678	0	0	0	65.2877579024203	0
AW209491|AW209491	7044.9316322061	9055.0986257267	5942.9432793473	4601.89973622925	5208.72972742647	5140.48429995304	3410.59970249897	4052.21321577548	3751.7143737498	5200.86615837682
Hus1b|Hus1b	0	0	0	0	0	103.976772217832	107.480913528386	0	55.9609353449317	0
A230103O09Rik|A230103O09Rik	0	0	0	93.096741986391	0	0	9.59651013646304	25.2671128029648	2.33170563937215	0
Gm31683|Gm31683	0	0	0	21.9051157615038	373.801440473565	0	0	108.174826687693	0	0
Catsper3|Catsper3	0	0	0	0	0	262.063905487802	82.5299871735822	62.3781847323194	20.2081155412253	47.1687388180863
1810034E14Rik|1810034E14Rik	0	0	0	0	0	0	142.988001033299	95.5412702862108	23.3170563937215	57.422812474192
Exoc3|Exoc3	2770.43620649772	2980.8709761709	3009.91605028476	3670.93231636534	3870.77836462798	4201.51038757772	5290.55603823208	4169.86320976429	4399.92854149525	3982.68220803146
Gm38604|Gm38604	0	0	0	126.867128785376	0	0	133.391490896836	0	16.3219394756051	15.3811104841586
3110070M22Rik|3110070M22Rik	0	0	0	169.764647151654	5.15588193756641	217.50243168016	0	111.333215788064	11.6585281968608	91.2612555393408
Mmrn2|Mmrn2	0	0	0	196.233328696805	381.535263379914	536.859660634931	174.656484483627	275.569449007335	214.516918822238	28.711406237096
Cdhr1|Cdhr1	0	0	0	83.9696104190978	101.828668266937	0	43.1842956140837	324.52448006308	73.0601100336608	11.2794810217163
4930563I02Rik|4930563I02Rik	0	0	0	0	0	0	345.47436491267	0	0	23.5843694090431
Arl11|Arl11	0	0	0	0	208.81321847144	0	177.535437524566	33.1630855538913	0	0
Gm35679|Gm35679	0	0	0	0	0	85.9399852004533	109.400215555679	0	58.2926409843039	0
Samd12|Samd12	2579.68486113231	2606.34473431066	2110.6919094053	1779.79065562218	1655.03810195882	1536.30985889205	1294.56921740886	960.150286512663	1347.7258595571	1714.48111530087
Col22a1|Col22a1	0	0	0	0	42.5360259849229	0	124.75463177402	81.328519334543	171.768982100415	43.067109355644
Gm44502|Gm44502	3.0277991327844	34.5126570997489	0	382.426812669587	595.504363788921	21.2197494322107	439.520164250007	1082.53786415202	289.908734495271	249.173989843369
A330009N23Rik|A330009N23Rik	0	0	0	0	46.4029374380977	0	28.7895304093891	97.1204648363961	355.196492397691	30.7622209683171
Gm16861|Gm16861	0	0	1.87533710298116	42.8975183662782	29.6463211410069	18.0367870173791	29.7491814230354	37.1110719293546	59.847111410552	15.3811104841586
Eef2kmt|Eef2kmt	0	0	0	0	216.547041377789	283.283654920013	7.67720810917043	63.1677820074121	352.864786758319	29.7368136027066
Sdf2l1|Sdf2l1	7465.03876187993	8210.17765006248	7302.56267900864	5631.44017701993	3098.68504447741	4440.23256869009	5004.58003616548	4019.05013022159	4441.12200779083	4086.24835195813
Lrrc74b|Lrrc74b	0	0	0	0	0	92.3059100301165	157.382766237994	148.444287717418	0	0
Tfrc|Tfrc	5425.05909616644	3926.77343001587	3917.57920812764	5489.96963772688	5614.75543000982	6444.43790256239	13473.5002315941	9503.59280301515	6433.9530942409	11877.2935158672
Dopey2|Dopey2	1184.6264107019	915.22453642297	1110.19956496485	1479.50802705823	1148.47270159292	1288.03879053519	2107.39362596728	2037.16096973904	1962.51891313823	1662.18533965474
Gm41523|Gm41523	0	0	0	108.61286565079	0	0	72.9334770371191	78.9597275092651	38.8617606562026	0
Mas1|Mas1	0	0	0	523.897351962632	0	522.005836032383	40.3053425731448	302.415756360485	241.72015128158	0
Tbl3|Tbl3	1851.49916969766	1755.03252585019	1395.25080461798	2377.61777327989	2233.78584945065	2225.9517154389	2888.54955107538	2389.32135443036	2658.92166409738	4024.72391002149
Tead3|Tead3	0	0	0	0	0	0	186.172296647383	23.6879182527795	116.585281968608	44.0925167212546
Cdkn1a|Cdkn1a	1323.14822102678	447.386295737485	1004.24301864641	814.140135802557	801.739641291577	799.984553594343	208.244269961248	325.314077338172	267.368913314674	100.489921829836
Hsf2bp|Hsf2bp	0	0	0	515.682933552068	0	0	0	277.14864355752	60.624346623676	0
Zfp811|Zfp811	217.244587777281	144.441861195245	195.972727261531	533.024483529925	759.203615306654	968.681561580418	469.269345673043	486.391921457073	636.555639548598	735.217081142779
H2-K1|H2-K1	6551.40037356224	3765.71436355038	2221.33679848118	1821.77546083173	957.705069902961	841.363064987154	1231.23225050821	1322.57543578019	1601.10453903555	817.249670391625
H2-DMa|H2-DMa	2183.80012452075	2100.15909684768	1824.70300120067	1270.49671416722	1459.11458833129	1138.4395570381	720.697911248374	1442.59422159427	928.018844470117	724.963007486674
Nfkbie|Nfkbie	0	0	0	0	0	19.0977744889896	152.584511169762	101.858048486952	122.025928460476	162.01436376647
Ebi3|Ebi3	0	0	0	9.12713156729323	0	153.843183383528	140.10904799236	167.394622319642	38.8617606562026	182.522511078682
Crb3|Crb3	0	0	19.6910395813022	59.326355187406	287.440418019327	91.244922558506	228.39694124782	238.458377077981	264.259972462177	387.603984200796
Hnrnpll|Hnrnpll	1349.64146343865	1119.74398590296	904.85015218841	655.328046531654	707.64479593099	567.628297311636	2835.76874532483	2125.59586454942	1596.4411277568	2529.67997096128
4930543D07Rik|4930543D07Rik	0	0	0	0	149.520576189426	0	0	97.1204648363961	8.54958734436456	13.3302957529374
Ttr|Ttr	0	0	0	0	0	154.904170855138	33.5877854776206	81.328519334543	130.575515804841	94.3374776361725
BC051408|BC051408	0	0	0	0	91.5169043918038	259.941930544581	169.858229415396	0	0	0
Apbb3|Apbb3	1550.99010576881	1898.19614048619	1561.21813823182	1197.47966162887	1352.13003812679	1329.417301928	4614.96172462508	2769.11764374993	2983.02874797011	4243.13567889654
Dnd1|Dnd1	0	0	0	0	73.4713176103214	0	29.7491814230354	71.0637547583386	231.616093510967	101.515329195447
Tex43|Tex43	0	0	0	0	0	94.4278849733376	0	22.8983209776869	27.9804676724658	127.150513335711
Gm41795|Gm41795	0	0	0	126.867128785376	33.5132325941817	40.3175239212003	40.3053425731448	12.6335564014824	27.9804676724658	7.177851559274
Ptgdr2|Ptgdr2	205.890341029339	148.276600872995	0	0	211.391159440223	0	0	0	0	0
LOC108168412|LOC108168412	657.78936159741	1425.2449135637	832.649673723635	692.749285957557	708.933766415382	933.668975017271	334.91820376256	188.713748747144	156.224277837934	314.800061242445
Gm30990|Gm30990	0	0	0	128.692555098835	0	0	14.3947652046946	172.921803245291	20.9853507543494	0
Ablim1|Ablim1	1567.64300099912	1453.3663378672	2516.70239220072	6702.96542302015	4671.22903543517	4901.76211884067	3152.45357982811	3636.09545180166	4138.00027467245	3137.74653876835
LOC108168424|LOC108168424	0	0	9.3766855149058	175.24092609203	453.717610505844	61.537273353411	530.687010546406	141.337912241585	142.234044001701	325.054134898551
Gm33534|Gm33534	0	0	0	0	0	91.244922558506	132.43183988319	0	0	73.8293303239611
Rnd3|Rnd3	167.285902086338	314.44865357549	247.544497593513	408.895494214737	607.105098148445	1490.6873976128	1061.37402109281	784.859691442095	779.566918763423	795.716115713803
Ppp1r1c|Ppp1r1c	0	0	0	0	0	98.6718348597797	87.3282422418137	41.8486555799105	11.6585281968608	53.3211830117497
Slc43a3|Slc43a3	0	0	0	0	127.608077954769	362.857715290803	0	0	0	67.6768861302977
Actc1|Actc1	0	0	0	0	0	115.647634405548	48.9422016959615	23.6879182527795	0	0
LOC108168839|LOC108168839	217.244587777281	127.824655924996	232.541800769664	172.502786621842	163.699251517734	161.270095684801	694.787333879924	445.332863152255	457.014305316942	518.856126998949
1810024B03Rik|1810024B03Rik	0	0	0	21.9051157615038	20.6235277502656	35.0125865631477	144.907303060592	4.73758365055591	10.1040577706127	23.5843694090431
Oxt|Oxt	0	0	0	0	79.9161700322794	228.112306396265	103.642309473801	0	0	0
Gm33648|Gm33648	0	0	0	0	271.972772206628	22.2807369038212	0	234.510390702517	0	0
Cfap61|Cfap61	0	0	0	82.1441841056391	0	0	22.071973313865	44.2174474051885	13.9902338362329	6.15244419366343
Rprd1b|Rprd1b	473.093614497562	627.619060591729	671.370682867255	1238.55175368169	2320.14687190489	1601.0300946603	1170.77423664849	1482.863682624	1502.39566696879	1461.20549599506
Npepl1|Npepl1	0	0	10.3143540663964	0	87.649992938629	73.2081355411269	646.804783197609	268.463073531501	138.347867936081	312.749246511224
Fgf2|Fgf2	0	0	0	81.2314709489098	0	0	0	0	37.3072902299545	54.3465903773603
Ctso|Ctso	2301.88429069934	2017.07307049643	2201.64575889988	2375.79234696643	1575.12193192654	1449.30888621999	1212.03923023528	1208.08383089176	1145.64470414485	921.841221683903
Gm30352|Gm30352	0	0	0	339.529294303308	0	0	98.8440544055693	101.068451211859	0	0
Ash1l|Ash1l	14789.2848640854	17973.4248696137	15897.2326219713	16006.2506295621	18000.4728145287	16711.6136653375	8128.2440855842	10498.4853696319	12425.6593522142	10903.1565185372
Rorc|Rorc	0	0	0	0	30.9352916253985	4.24394988644214	130.512537855897	105.806034862415	141.456808788577	60.4990345710237
Snx27|Snx27	3489.53850053402	2635.74440517341	3613.7745974447	4674.91678876759	4256.18053946107	4245.01087391375	7296.22665675285	4378.31689038875	5765.53081095421	5256.23815611979
Setdb1|Setdb1	483.690911462307	368.135009063988	635.739277910614	736.559517480564	1014.41977121619	473.200412338299	1284.01305625876	1536.5562973303	1576.23301221558	2674.26240951237
Hist2h4|Hist2h4	492.774308860661	636.566786506479	224.102783806249	480.087120439624	268.105860753453	134.745408894538	55.6597587914856	75.8013384088945	109.590165050491	139.455401723038
LOC108168896|LOC108168896	0	0	0	0	0	0	152.584511169762	70.2741574832459	13.2129986231089	129.201328066932
Gm35408|Gm35408	0	0	0	531.199057216466	0	0	77.7317321053506	0	0	81.0071818832351
LOC108168900|LOC108168900	0	0	0	25.5559683884211	109.562491173286	164.453058099633	45.1035976413763	204.505694248997	111.144635476739	0
Gm40150|Gm40150	0	0	0	0	0	264.185880431023	163.140672319872	3.1583891003706	90.936519935514	25.6351841402643
Emcn|Emcn	0	0	0	0	0	85.9399852004533	160.261719278933	0	92.4909903617621	74.8547376895717
Gm40187|Gm40187	0	0	0	0	166.277192486517	0	69.0948729825339	0	0	38.9654798932017
Ube2r2|Ube2r2	454.926819700856	290.16196894974	510.091692010876	742.948509577669	1205.18740290615	1071.59734632664	1049.85820892906	1026.47645762045	917.914786699505	1141.27839792457
Gm38592|Gm38592	5858.03437215461	6603.42172508528	4908.69486705319	6075.01877119038	4182.70922185075	4320.3409843981	2921.17768553935	3881.66020435547	2819.80935321406	3619.68800060532
Tusc1|Tusc1	0	0	0	627.033938673045	81.205140516671	51.9883861089162	127.633584814958	35.5318773791693	62.1788170499241	3.07622209683171
Cyp2j12|Cyp2j12	0	0	0	0	172.722044908475	201.587619606002	8.63685912281674	180.028178721124	163.219394756051	169.192215325744
Gm12701|Gm12701	0	0	0	177.979065562218	0	0	0	63.1677820074121	93.2682255748862	198.929028928451
Mroh7|Mroh7	0	0	0	328.576736422556	176.58895636165	0	113.238819610264	19.7399318773163	27.2032324593418	164.065178497691
LOC102634683|LOC102634683	0	0	0	0	0	119.89158429199	0	0	22.5398211805975	48.1941461836968
Ccdc27|Ccdc27	0	0	0	117.739997218083	11.6007343595244	74.2691230127374	25.9105773684502	3.1583891003706	26.4259972462177	39.9908872588123
Gm42362|Gm42362	0	0	0	74.8424788518045	23.2014687190489	0	65.2562689279487	0	0	0
Plekhn1|Plekhn1	0	0	0	520.246499335714	0	355.430802989529	10.5561611501093	260.567100780575	0	138.429994357427
Gm29868|Gm29868	0	0	0	0	0	268.429830317465	89.2475442691063	141.337912241585	0	4.10162946244228
Gm5106|Gm5106	0	0	0	82.1441841056391	0	0	42.2246446004374	49.744628330837	120.471458034228	84.0834039800668
Crot|Crot	1310.28007471245	1156.81313612121	1731.8738146031	3447.31759296665	2656.56816833109	3083.22959250021	3355.89959472113	2808.59750750456	2685.3476613436	2904.97906677475
Gm15421|Gm15421	19.6806943630986	12.7824655924996	6.56367986043406	69.3661999114286	122.452196017202	337.39401597215	272.54088787555	38.6902664795399	154.669807411686	98.4391070986148
Gm35055|Gm35055	0	0	2.81300565447174	0	86.3610224542374	80.6350478424007	66.215919941595	90.8036866356549	73.8373452467849	229.691249896768
Gm15614|Gm15614	0	0	0	250.996118100564	78.6271995478878	77.452085427569	369.465640253827	65.53657383269	62.9560522630482	0
Evc|Evc	0	6.39123279624979	36.5690735081326	290.242783839925	61.8705832507969	187.794782475065	288.854955107538	349.791592866044	421.261485513236	243.021545649705
Lyar|Lyar	6.05559826556879	0	30.9430621991891	504.730375671316	983.484479590793	349.064878159866	738.931280507654	211.61206972483	223.066506166603	516.805312267728
Gm40291|Gm40291	0	0	0	0	0	85.9399852004533	23.9912753411576	72.6429493085239	43.5251719349469	30.7622209683171
Gm35394|Gm35394	0	0	0	0	0	153.843183383528	0	104.22684031223	405.716781250755	185.598733175513
Asphd2|Asphd2	3222.33522706579	4023.92016851887	3941.9585904664	2404.08645482504	2857.64756389618	2693.84719041915	1876.11773167852	2084.5368062446	2486.37544678384	1797.53911191533
4930515G01Rik|4930515G01Rik	0	0	0	0	0	136.867383837759	53.740456764193	47.3758365055591	31.8666437380861	0
Ccdc64|Ccdc64	436.003075120953	541.976541121982	559.788125239876	844.259669974624	600.660245726487	529.432748333657	1184.20935083954	1001.20934481748	1343.83968349148	1474.535791748
Fzd10|Fzd10	0	0	0	374.212394259023	175.299985877258	0	2.87895304093891	4.73758365055591	67.6194635417925	140.480809088648
A330070K13Rik|A330070K13Rik	0	0	0	24.6432552316917	27.0683801722237	81.6960353140112	36.4667385185596	20.5295291524089	41.1934662955747	19.4827399466009
Pilra|Pilra	0	0	0	0	0	0	190.970551715615	75.8013384088945	99.4861072798786	46.1433314524757
Pds5b|Pds5b	1346.61366430586	1439.30562571545	1519.02305341474	2729.92505177741	3176.02327354091	2944.24023371923	2084.36200163977	2210.87237025942	2266.41788146973	2291.78546213963
Pole4|Pole4	264.932424118635	264.597037764741	225.97812090923	769.41719112282	873.921988417507	619.616683420552	963.489617700889	562.98285714106	668.422283286684	1069.49988233183
5031434C07Rik|5031434C07Rik	0	0	0	118.652710374812	0	0	0	0	62.1788170499241	90.2358481737303
Gm38876|Gm38876	0	0	0	303.020768034135	0	0	0	59.2197956319488	159.333218690431	0
Mug2|Mug2	0	0	0	56.5882157172181	0	0	154.503813197055	28.4255019033354	127.466574952344	287.11406237096
Gm33449|Gm33449	0	0	0	0	220.413952830964	62.5982608250216	0	337.947633739655	13.2129986231089	0
Olr1|Olr1	0	0	0	84.8823235758271	0	0	83.4896381872285	15.0023482267604	33.4211141643342	0
Plbd1|Plbd1	0	0	0	0	117.296314079636	0	31.668483450328	56.8510038066709	10.8812929837367	44.0925167212546
Ehd2|Ehd2	0	0	0	0	0	0	214.961827056772	0	411.157427742623	143.55703118548
Ccdc9|Ccdc9	454.16986991766	410.317145519237	529.782731592178	244.607126003459	532.344810053732	108.220722104275	62.3773158870098	51.3238228810223	97.9316368536305	158.938141669639
Ceacam2|Ceacam2	0	0	0	0	88.9389634230206	61.537273353411	41.2649935867911	127.125161289917	34.1983493774583	59.4736272054131
Zfp607|Zfp607	0	0	0	540.32618878376	0	0	83.4896381872285	68.6949629330606	0	0
Map4k1|Map4k1	0	0	0	0	148.231605705034	167.636020514465	655.441642320426	180.028178721124	289.131499282147	533.211830117497
Kctd15|Kctd15	9.08339739835319	0	0	31.032247328797	46.4029374380977	84.8789977288428	134.351141910483	127.125161289917	289.131499282147	237.894508821652
Il4i1|Il4i1	0	0	0	0	0	0	227.437290234174	189.503346022236	17.0991746887291	91.2612555393408
Kctd14|Kctd14	0	0	0	0	0	202.648607077612	131.472188869544	0	0	29.7368136027066
Hbb-bt|Hbb-bt	2684.14393121337	1408.62770829345	737.007481471596	206.273173420827	724.401412228081	562.323359953583	460.632486550226	428.751320375309	404.939546037631	299.418950758287
Hbb-bs|Hbb-bs	20593.5758016331	12935.8551796096	5794.79164821179	5818.54637414944	9359.21468716743	5352.68179427515	4375.0489712135	3857.97228610269	4539.83087985758	2721.43114833046
Tpcn2|Tpcn2	0	0	0	457.269291521391	28.3573506566153	27.5856742618739	269.661934834611	364.004343817712	238.611210429084	54.3465903773603
Ints10|Ints10	2597.09470614582	3479.38713427839	3117.74793370618	4381.93586545748	3213.40341758827	4585.58785230073	5242.57348754976	4628.61922659312	5000.73136124015	5096.27460708454
Bst2|Bst2	1331.47466864194	548.367773918232	1001.43001299194	187.106197129511	97.9617568137618	246.149093413644	99.8037054192156	288.99260268391	187.313686362896	216.36095414383
Klf1|Klf1	0	0	0	0	0	336.33302850054	74.8527790644117	0	41.1934662955747	27.6859988714854
2310036O22Rik|2310036O22Rik	362.578946150932	166.172052702495	249.419834696494	397.030223177256	310.641886738376	415.90708887133	1038.3423967653	536.13654978791	995.63830801191	1237.66669029196
Gm32122|Gm32122	0	0	0	0	5.15588193756641	0	26.8702283820965	71.0637547583386	138.347867936081	69.7277008615188
Fhod1|Fhod1	0	0	0	381.514099512857	0	9.54888724449481	109.400215555679	48.9550310557444	44.3024071480709	18.4573325809903
Ctcf|Ctcf	463.253267316013	617.39308811773	450.080904715479	1594.50988480613	2193.82776443451	1380.34470056531	971.16682581006	1137.80967340851	1085.7975927343	1246.89535658245
Calb2|Calb2	8780.61748507475	5444.05209584557	6555.24084347065	5098.41569349	5607.02160710347	4986.64111656951	3736.88104713871	3602.93236624777	4329.97737231409	3084.4253557566
LOC108167554|LOC108167554	0	0	0	0	134.052930376727	293.893529636118	0	0	226.952682232223	0
Osgin1|Osgin1	0	0	0	0	0	201.587619606002	9.59651013646304	142.127509516677	113.476341116111	46.1433314524757
Vps9d1|Vps9d1	851.568506095612	928.00700201547	877.657764195183	985.730209267669	1130.42711481144	814.838378196891	1903.94761107427	1465.49254257196	1554.4704262481	1613.99119347104
Oaf|Oaf	0	0	0	273.813947018797	0	0	15.3544162183409	41.0590583048178	60.624346623676	41.0162946244228
Ccdc153|Ccdc153	0	0	0	0	101.828668266937	0	92.1264973100452	0	21.7625859674734	20.5081473122114
Stra6|Stra6	0	0	0	0	110.851461657678	0	178.495088538213	390.06105389577	108.812929837367	0
Gm39386|Gm39386	0	0	0	0	0	136.867383837759	95.9651013646304	0	0	25.6351841402643
D030055H07Rik|D030055H07Rik	0	0	0	31.032247328797	154.676458126992	0	71.0141750098265	30.0046964535207	69.9511691811646	47.1687388180863
Manf|Manf	7881.36114263779	7810.08647701724	8270.23662414692	6399.94465498602	8821.71399517613	7877.83197670822	5760.78503491876	4589.92896011358	5379.24491003156	4241.08486416532
Traip|Traip	0	0	0	0	328.687473519859	49.8664111656951	7.67720810917043	86.066102985099	136.016162296709	158.938141669639
Gm38623|Gm38623	0	0	0	0	0	0	66.215919941595	18.9503346022236	54.4064649186836	168.166807960134
Ubp1|Ubp1	1060.48664625774	657.018731454478	1157.08299253938	2879.61000948102	1763.31162264771	1502.35825980052	3488.33143460432	1445.75261069464	1943.86526802325	3399.22541699904
Cul4b|Cul4b	560.142839565113	172.563285498744	364.753066529836	1210.25764582308	933.214630699521	701.312718734564	1424.12210425112	1478.91569624854	1119.99594211176	876.723297597038
Stk26|Stk26	0	0	0	211.749452361203	0	0	9.59651013646304	86.8557002601916	138.347867936081	65.6260713990766
4930502E18Rik|4930502E18Rik	0	0	0	0	162.410281033342	42.4394988644214	19.1930202729261	349.001995590952	3.10894085249621	51.2703682805286
4933403O08Rik|4933403O08Rik	0	0	0	0	152.098517158209	0	93.0861483236915	35.5318773791693	0	59.4736272054131
Nms|Nms	0	0	0	0	358.333794660866	440.309800718372	0	38.6902664795399	342.760728987707	0
Gm30900|Gm30900	0	0	0	0	87.649992938629	0	0	11.0543618512971	41.9707015086988	14.355703118548
Gm41939|Gm41939	0	7.66947935549975	45.0080904715479	0	167.566162970908	0	0	0	0	0
Lamc2|Lamc2	0	0	0	335.878441676391	32.2242621097901	839.241090043933	0	476.127156880868	0	0
4930523C07Rik|4930523C07Rik	0	0	0	217.225731301579	0	0	0	0	130.575515804841	209.183102584557
Gm32749|Gm32749	0	0	0	0	6.44485242195801	21.2197494322107	0	0	0	120.998069142047
Gm33377|Gm33377	0	0	0	222.702010241955	0	0	0	44.2174474051885	31.8666437380861	0
Efemp1|Efemp1	0	0	0	381.514099512857	21.9124982346572	477.444362224741	0	245.564752553814	189.645392002269	136.379179626206
Wnt9a|Wnt9a	0	0	0	0	146.942635220643	0	0	25.2671128029648	36.5300550168304	0
Cldn7|Cldn7	0	0	0	175.24092609203	0	0	0	61.5885874572268	78.5007565255292	23.5843694090431
Rhbdf2|Rhbdf2	0	0	0	0	0	209.014531907275	0	68.6949629330606	182.650275084152	169.192215325744
LOC108167980|LOC108167980	0	0	0	0	105.695579720111	0	0	49.744628330837	0	47.1687388180863
Gm34489|Gm34489	0	162.337313024745	13.1273597208681	146.034105076692	0	0	0	0	0	0
Gm40375|Gm40375	0	0	0	39.2466657393609	14.1786753283076	0	0	0	63.7332874761722	0
Gm40474|Gm40474	0	0	0	0	290.018358988111	531.554723276878	0	87.6452975352842	220.734800527231	37.9400725275911
Gm5086|Gm5086	0	0	0	391.55394423688	163.699251517734	0	0	91.5932839107475	0	0
Gm31452|Gm31452	0	0	0	0	0	147.477258553864	0	55.2718092564856	1.5544704262481	17.4319252153797
Gm30363|Gm30363	0	0	0	140.557826136316	0	0	0	0	32.6438789512102	90.2358481737303
Il17rd|Il17rd	0	0	0	0	248.771303487579	84.8789977288428	0	417.696958524012	143.78851442795	43.067109355644
Mir17hg|Mir17hg	0	0	0	0	216.547041377789	0	0	35.5318773791693	31.0894085249621	0
Capsl|Capsl	0	0	0	186.193483972782	0	0	0	48.9550310557444	13.2129986231089	55.3719977429708
Gm41447|Gm41447	0	0	0	0	90.2279339074122	0	0	0	47.4113480005671	47.1687388180863
Drd3|Drd3	0	0	0	0	0	102.915784746222	0	94.7516730111181	92.4909903617621	156.887326938417
Rsph1|Rsph1	0	0	0	0	0	99.7328223313903	0	55.2718092564856	147.67469049357	11.2794810217163
Gpsm3|Gpsm3	0	0	0	0	128.89704843916	33.9515990915371	0	183.186567821495	149.229160919818	169.192215325744
Slc22a7|Slc22a7	0	0	0	296.63177593703	0	0	0	26.0567100780575	24.0942916068456	0
Plin5|Plin5	0	0	0	0	104.40660923572	0	0	221.876834301035	0	93.312070270562
Tbc1d10c|Tbc1d10c	0	0	0	0	131.474989407943	0	0	117.649993988805	32.6438789512102	19.4827399466009
Olfr1417|Olfr1417	0	0	0	0	114.718373110853	0	0	9.47516730111181	7.77235213124051	0
Fut7|Fut7	0	0	0	0	87.649992938629	0	0	88.4348948103769	87.0503438698938	0
Dbh|Dbh	0	0	0	0	0	0	0	46.5862392304664	460.123246169438	0
Spc25|Spc25	105.972969647454	0	0	160.637515584361	0	7.42691230127374	0	0	0	0
4833423E24Rik|4833423E24Rik	0	0	169.718007819795	373.299681102293	21.9124982346572	0	0	0	0	0
Rad51|Rad51	0	0	0	0	56.7147013132305	0	0	0	41.1934662955747	388.629391566406
Cd40|Cd40	0	0	0	429.887896819511	0	0	0	0	85.4958734436456	84.0834039800668
Gm39990|Gm39990	0	0	0	0	0	101.854797274611	0	24.4775155278722	0	47.1687388180863
Helz2|Helz2	0	0	0	0	92.8058748761954	213.258481793718	0	66.3261711077827	0	0
Sprr1a|Sprr1a	15.8959454471181	186.623997650494	69.387472810303	145.121391919962	0	0	0	0	0	0
Hist2h2bb|Hist2h2bb	0	0	0	85.7950367325564	0	0	0	3.94798637546325	24.8715268199696	42.0417019900334
Gabrr1|Gabrr1	0	0	0	0	0	359.674752875971	0	0	100.263342493003	86.134218711288
Hspb7|Hspb7	0	0	0	0	88.9389634230206	0	0	71.0637547583386	0	77.9309597864034
Gm32374|Gm32374	20.4376441462947	0	9.3766855149058	0	0	181.428857645401	0	0	0	0
Gm40349|Gm40349	0	0	0	101.311160396955	0	0	0	18.160737327131	138.347867936081	0
Vmn1r4|Vmn1r4	0	0	0	0	0	241.905143527202	0	37.9006692044472	90.936519935514	0
Mcm2|Mcm2	0	0	0	0	41.2470555005313	436.06585083193	0	197.399318773163	44.3024071480709	185.598733175513
Lpar5|Lpar5	208.918140162123	0	0	521.159212492444	128.89704843916	0	0	0	0	0
Zfp541|Zfp541	0	0	0	52.9373630903008	70.8933766415382	63.6592482966321	0	27.6359046282428	34.1983493774583	129.201328066932
Rcn3|Rcn3	0	0	0	0	197.212484111915	56.2323359953583	0	0	226.175447019099	0
LOC108167437|LOC108167437	0	0	0	1221.21020370383	0	40.3175239212003	0	41.8486555799105	59.0698761974279	225.589620434326
Gm35021|Gm35021	0	0	0	0	113.429402626461	0	0	20.5295291524089	39.6389958693266	0
Ces5a|Ces5a	0	0	0	0	0	195.221694776338	0	60.7989901821341	0	98.4391070986148
Il10ra|Il10ra	0	0	0	113.176431434436	0	0	0	3.94798637546325	169.437276461043	55.3719977429708
Gm15169|Gm15169	0	0	0	417.109912625301	0	353.308828046308	0	0	354.419257184567	0
